    1   NPP_SITE.in - SITE MODEL FOR NPP example
   21   32   10
 9.81
    1 2.5       02200     2600.      4800.     .050      .050 
    2 2.5       02200     2600.      4800.     .050      .050 
    3 2.5       02200     2600.      4800.     .050      .050 
    4 2.5       02200     2600.      4800.     .050      .050 
    5 2.5       02200     2600.      4800.     .050      .050 
    6 2.5       02200     2600.      4800.     .050      .050 
    7 2.5       02200     2600.      4800.     .050      .050 
    8 2.5       02200     2600.      4800.     .050      .050 
    9 2.5       02200     2600.      4800.     .050      .050 
   10 2.5       02200     2600.      4800.     .050      .050 
   11 2.5       02200     2600.      4800.     .050      .050 
   12 2.5       02200     2600.      4800.     .050      .050 
   13 2.5       02200     2600.      4800.     .050      .050 
   14 2.5       02200     2600.      4800.     .050      .050 
   15 2.5       02200     2600.      4800.     .050      .050 
   16 2.5       02200     2600.      4800.     .050      .050 
   17 2.5       02200     2600.      4800.     .050      .050 
   18 2.5       02200     2600.      4800.     .050      .050
   19 2.5       02200     2600.      4800.     .050      .050 
   20 2.5       02200     2600.      4800.     .050      .050 
   21 2.5       02200     2600.      4800.     .050      .050 
                02200     2600.      4800.     .050      .050 
          .015       8192
   61  123  184  246  307  369  430  492  553  614  676  737  799  860  922  983
 1044 1106 1167 1229 1290 1352 1413 1475 1536 1597 1659 1720 1782 1843 1905 1966
    2    NPP_SITE.in - SITE MODEL FOR NPP example
    1
    0    1    0
    Z   21    2
    1 2000
  1.       1.
    0